736859.423745 0
736859.423752 0
736859.423759 0
736859.423766 0
736859.423773 0
736859.423779 0
736859.423791 0
736859.423798 0
736859.423805 69.44444424003893
736859.423812 56.267581506320916
736859.423818 79.11392289661468
736859.423825 68.197314970063
736859.423832 60.09615260622738
736859.423839 64.28571264354555
736859.423846 58.139533468912084
736859.423853 52.94117684182823
736859.42386 56.802812681417706
736859.423867 52.5
736859.423874 55.86592173810252
736859.423881 52.173912773060216
736859.423888 55.141427646948365
736859.423895 51.92307644694515
736859.423902 54.5851523269562
736859.423909 51.72413729317265
736859.423916 54.1338575986779
736859.423923 51.55847151807836
736859.42393 53.763441021016895
736859.423937 51.42857142857143
736859.423943 53.45394734047277
736859.42395 51.31578931270214
736859.423957 53.19148917539344
736859.423964 51.219511897276014
736859.423971 52.966101373861804
736859.423978 51.13636322073208
736859.423985 52.767547731188344
736859.423992 51.0638299167507
736859.423999 52.599010009633744
736859.424006 50.99744970439064
736859.424013 52.44755242812048
736859.42402 50.943396111831596
736859.424027 55.06607915538381
736859.424034 50.8928569261821
