736859.423745 0
736859.423752 0
736859.423759 0
736859.423766 0
736859.423773 0
736859.423779 0
736859.423791 0
736859.423798 0
736859.423805 0
736859.423812 0
736859.423818 0
736859.423825 0
736859.423832 0
736859.423839 0
736859.423846 0
736859.423853 0
736859.42386 0
736859.423867 0
736859.423874 0
736859.423881 0
736859.423888 0
736859.423895 0
736859.423902 0
736859.423909 0
736859.423916 0
736859.423923 0
736859.42393 0
736859.423937 0
736859.423943 0
736859.42395 0
736859.423957 0
736859.423964 0
736859.423971 0
736859.423978 0
736859.423985 0
736859.423992 0
736859.423999 0
736859.424006 0
736859.424013 0
736859.42402 0
736859.424027 0
736859.424034 0
