736859.423745 0
736859.423752 0
736859.423759 0
736859.423766 0
736859.423773 0
736859.423779 0
736859.423791 0
736859.423798 0
736859.423805 17.055016070738937
736859.423812 3.878153337020919
736859.423818 26.724494727314685
736859.423825 15.807886800763008
736859.423832 7.706724436927381
736859.423839 11.896284474245554
736859.423846 5.750105299612088
736859.423853 0.5517486725282339
736859.42386 4.413384512117709
736859.423867 0.1105718307000032
736859.423874 3.4764935688025247
736859.423881 0
736859.423888 2.7519994776483685
736859.423895 0
736859.423902 2.195724157656201
736859.423909 0
736859.423916 1.7444294293779024
736859.423923 0
736859.42393 1.3740128517168984
736859.423937 0
736859.423943 1.0645191711727762
736859.42395 0
736859.423957 0.8020610060934459
736859.423964 0
736859.423971 0.576673204561807
736859.423978 0
736859.423985 0.3781195618883473
736859.423992 0
736859.423999 0.2095818403337475
736859.424006 0
736859.424013 0.05812425882048444
736859.42402 0
736859.424027 2.676650986083814
736859.424034 0
